0 0.906641 0.513889 0.039844 0.252778
0 0.871094 0.529167 0.045312 0.227778
0 0.773828 0.534028 0.032031 0.159722
0 0.085156 0.529167 0.028125 0.127778
0 0.172266 0.548611 0.024219 0.136111
0 0.187500 0.582639 0.032813 0.198611
0 0.220312 0.575694 0.035937 0.148611
0 0.227734 0.572222 0.022656 0.161111
0 0.244922 0.568750 0.019531 0.151389
0 0.258203 0.562500 0.030469 0.141667
0 0.310547 0.569444 0.014844 0.102778
0 0.321094 0.548611 0.020313 0.066667
0 0.351953 0.561806 0.028906 0.112500
0 0.764062 0.525000 0.015625 0.083333
