0 0.946094 0.603472 0.028125 0.215278
0 0.923828 0.631250 0.041406 0.281944
0 0.879687 0.652083 0.050000 0.290278
0 0.844922 0.619444 0.049219 0.258333
0 0.757812 0.629861 0.037500 0.201389
0 0.687109 0.647917 0.032031 0.209722
0 0.706250 0.629861 0.031250 0.179167
0 0.652734 0.632639 0.033594 0.187500
0 0.613672 0.640972 0.046094 0.243056
0 0.604688 0.599306 0.020313 0.106944
0 0.583203 0.609028 0.017969 0.093056
0 0.565625 0.626389 0.020313 0.125000
0 0.539844 0.627778 0.032813 0.127778
0 0.521484 0.619444 0.021094 0.116667
0 0.497656 0.614583 0.017188 0.084722
0 0.512109 0.611111 0.016406 0.108333
