0 0.957031 0.586806 0.048438 0.234722
0 0.903125 0.570833 0.040625 0.205556
0 0.801953 0.635417 0.055469 0.298611
0 0.738281 0.644444 0.109375 0.316667
0 0.733594 0.590278 0.039062 0.188889
0 0.722266 0.526389 0.030469 0.094444
0 0.704297 0.625694 0.041406 0.240278
0 0.684766 0.601389 0.028906 0.216667
0 0.643359 0.656250 0.049219 0.248611
0 0.637500 0.627083 0.048438 0.243056
0 0.600000 0.603472 0.028125 0.151389
0 0.576172 0.604167 0.024219 0.113889
0 0.564844 0.623611 0.020313 0.116667
0 0.537891 0.619444 0.030469 0.127778
