0 0.978125 0.562500 0.043750 0.247222
0 0.955078 0.527778 0.041406 0.152778
0 0.943359 0.472917 0.027344 0.059722
0 0.932813 0.487500 0.031250 0.086111
0 0.907031 0.502083 0.031250 0.090278
0 0.884766 0.522917 0.028906 0.112500
0 0.860547 0.525694 0.038281 0.095833
0 0.836328 0.520139 0.038281 0.093056
0 0.820312 0.500694 0.026562 0.084722
0 0.814063 0.525000 0.021875 0.069444
0 0.749219 0.542361 0.035937 0.087500
0 0.726562 0.547222 0.028125 0.097222
0 0.691016 0.526389 0.022656 0.091667
0 0.639453 0.547917 0.019531 0.045833
0 0.624609 0.550000 0.019531 0.052778
0 0.545312 0.573611 0.025000 0.061111
0 0.242969 0.594444 0.031250 0.136111
