0 0.939063 0.506250 0.023438 0.095833
0 0.910156 0.577778 0.045312 0.219444
0 0.878516 0.599306 0.028906 0.179167
0 0.724609 0.593056 0.024219 0.127778
0 0.674609 0.594444 0.021094 0.108333
0 0.651563 0.597917 0.018750 0.112500
0 0.636719 0.605556 0.018750 0.127778
0 0.617969 0.604167 0.017188 0.111111
0 0.607812 0.600694 0.015625 0.095833
0 0.595313 0.596528 0.012500 0.101389
0 0.584375 0.597917 0.017188 0.115278
0 0.571875 0.606250 0.021875 0.123611
0 0.551562 0.604167 0.026562 0.100000
0 0.529297 0.602083 0.016406 0.079167
