0 0.065625 0.568750 0.020313 0.109722
0 0.262500 0.607639 0.026562 0.123611
0 0.287500 0.597917 0.009375 0.048611
0 0.299219 0.596528 0.010937 0.059722
0 0.308594 0.595833 0.014063 0.063889
0 0.838672 0.511806 0.017969 0.059722
0 0.817578 0.544444 0.024219 0.069444
0 0.806641 0.550000 0.010156 0.077778
0 0.792188 0.581250 0.021875 0.129167
0 0.655859 0.595139 0.014844 0.081944
0 0.639453 0.591667 0.021094 0.088889
0 0.581250 0.595139 0.009375 0.040278
0 0.570312 0.590278 0.010937 0.047222
0 0.549219 0.590278 0.007812 0.038889
