0 0.917969 0.595139 0.048438 0.223611
0 0.821094 0.593056 0.034375 0.158333
0 0.871094 0.582639 0.026562 0.156944
0 0.779687 0.624306 0.035937 0.223611
0 0.748828 0.640278 0.032031 0.211111
0 0.719141 0.614583 0.035156 0.190278
0 0.663672 0.616667 0.033594 0.163889
0 0.622266 0.618750 0.025781 0.148611
0 0.601562 0.620139 0.026562 0.143056
0 0.581250 0.617361 0.025000 0.148611
0 0.539453 0.621528 0.030469 0.170833
0 0.516016 0.611806 0.014844 0.115278
0 0.503125 0.615972 0.023438 0.120833
0 0.484766 0.609722 0.017969 0.105556
