0 0.929688 0.628472 0.081250 0.381944
0 0.850391 0.599306 0.030469 0.162500
0 0.810937 0.590278 0.035937 0.161111
0 0.758984 0.606250 0.032031 0.126389
0 0.707812 0.627083 0.039062 0.193056
0 0.683984 0.634722 0.036719 0.213889
0 0.649219 0.642361 0.056250 0.218056
0 0.656641 0.545833 0.030469 0.066667
0 0.617578 0.611111 0.027344 0.158333
0 0.630859 0.550000 0.022656 0.061111
0 0.587500 0.638889 0.037500 0.169444
0 0.560547 0.602778 0.016406 0.091667
0 0.548047 0.618750 0.017969 0.109722
0 0.529687 0.619444 0.021875 0.116667
