0 0.927344 0.532639 0.023438 0.165278
0 0.941016 0.506250 0.021094 0.145833
0 0.902734 0.557639 0.046094 0.193056
0 0.815625 0.568750 0.028125 0.159722
0 0.780859 0.585417 0.047656 0.187500
0 0.727344 0.603472 0.057813 0.231944
0 0.688281 0.582639 0.026562 0.168056
0 0.682813 0.588194 0.026562 0.140278
0 0.665625 0.578472 0.025000 0.115278
0 0.648828 0.598611 0.027344 0.119444
0 0.629297 0.595139 0.021094 0.109722
0 0.604688 0.599306 0.015625 0.093056
0 0.616016 0.596528 0.016406 0.084722
0 0.586719 0.600694 0.014063 0.104167
