0 0.946875 0.520139 0.020313 0.123611
0 0.925781 0.583333 0.045312 0.227778
0 0.894922 0.599306 0.033594 0.184722
0 0.730859 0.596528 0.032031 0.134722
0 0.768750 0.566667 0.014063 0.088889
0 0.677344 0.595833 0.018750 0.116667
0 0.664062 0.602083 0.018750 0.118056
0 0.653906 0.601389 0.018750 0.111111
0 0.640234 0.604167 0.021094 0.127778
0 0.628125 0.605556 0.028125 0.113889
0 0.616406 0.602778 0.023438 0.113889
0 0.605859 0.601389 0.014844 0.102778
0 0.593750 0.595833 0.017188 0.113889
0 0.577734 0.610417 0.028906 0.126389
0 0.560547 0.610417 0.030469 0.106944
0 0.529297 0.609722 0.014844 0.086111
0 0.548438 0.609028 0.020313 0.090278
