0 0.988281 0.578472 0.023438 0.251389
0 0.925000 0.575694 0.026562 0.154167
0 0.874219 0.594444 0.037500 0.172222
0 0.841406 0.621528 0.037500 0.248611
0 0.801172 0.641667 0.052344 0.247222
0 0.774219 0.618750 0.039062 0.215278
0 0.705469 0.618056 0.037500 0.172222
0 0.651172 0.615278 0.035156 0.158333
0 0.637109 0.625694 0.027344 0.181944
0 0.612109 0.619444 0.025781 0.169444
0 0.572266 0.622917 0.038281 0.204167
0 0.542578 0.606944 0.017969 0.102778
0 0.516016 0.617361 0.032031 0.118056
0 0.532813 0.610417 0.015625 0.123611
0 0.500000 0.605556 0.017188 0.113889
0 0.483203 0.607639 0.014844 0.076389
