0 0.854688 0.610417 0.039062 0.193056
0 0.776563 0.616667 0.035937 0.155556
0 0.829688 0.598611 0.023438 0.136111
0 0.896875 0.609028 0.034375 0.165278
0 0.732031 0.636806 0.028125 0.198611
0 0.703906 0.641667 0.035937 0.194444
0 0.678125 0.627083 0.031250 0.173611
0 0.634766 0.627083 0.032031 0.145833
0 0.596875 0.633333 0.025000 0.127778
0 0.579297 0.634028 0.028906 0.134722
0 0.560937 0.623611 0.023438 0.127778
0 0.520312 0.634028 0.029687 0.151389
0 0.542578 0.609028 0.021094 0.090278
0 0.492969 0.624306 0.021875 0.093056
0 0.476172 0.624306 0.016406 0.087500
