0 0.959375 0.518056 0.053125 0.316667
0 0.918359 0.524306 0.052344 0.287500
0 0.794922 0.528472 0.035156 0.190278
0 0.773438 0.516667 0.025000 0.094444
0 0.020703 0.525694 0.022656 0.154167
0 0.093750 0.534028 0.018750 0.106944
0 0.116406 0.577083 0.031250 0.237500
0 0.134375 0.552083 0.020313 0.143056
0 0.157422 0.574306 0.041406 0.170833
0 0.169141 0.564583 0.027344 0.190278
0 0.189453 0.557639 0.025781 0.165278
0 0.209375 0.559722 0.028125 0.158333
0 0.324219 0.556250 0.020313 0.123611
0 0.334375 0.559722 0.017188 0.102778
